image: scaled.png
mode: trinary
resolution: 0.11897635546504942
origin: [-215.90048902208218, -204.83981019537896, 0]
negate: 0
occupied_thresh: 0.65
free_thresh: 0.25
